2654747    12691
2642056    12641
2629415    11171
2618244    12058
2606186    12026
2594160    12156
2582004    13671
2568333    13957
2554376    15047
2539329    12735
2526594    13973
2512646    12871
2499775    14042
2485733    13333
2472400    11512
2460888    13074
2447814    13281
2434533    12766
2421767    14005
2407762    14257
2393505    15644
2377861    13636
2364225    14557
2349668    13553
2336115    13510
2322605    12945
2309660    11946
2297714    13018
2284696    12748
2271948    13263
2258685    14365
2244320    13951
2230369    14719
2215650    13558
2202092    14701
2187391    13234
2174157    13841
2160316    13470
2146846    12857
2133989    13950
2120039    14570
2105469    15024
2090445    15491
2074954    15745
2059209    16958
2042251    15223
2027028    16106
2010922    14740
1996182    14310
1981872    14531
1967341    12985
1954356    15015
1939341    14879
1924462    14294
1910168    15524
1894644    14590
1880054    14889
1865165    14151
1851014    15654
1835360    14214
1821146    13840
1807306    14126
1793180    12343
1780837    14397
1766440    14384
1752056    14259
1737797    16099
1721698    16104
1705594    15902
1689692    14871
1674821    16432
1658389    14843
1643546    15462
1628084    15313
1612771    14139
1598632    15252
1583380    15914
1567466    15560
1551906    16527
1535379    16020
1519359    16520
1502839    16077
1486762    17212
1469550    15917
1453633    16122
1437511    15961
1421550    15324
1406226    16806
1389420    16523
1372897    16736
1356161    17067
1339094    16877
1322217    18431
1303786    17303
1286483    18638
1267845    16034
1251811    15727
1236084    16233
1219851    15478
1204373    16671
1187702    16339
1171363    16769
1154594    18844
1135750    18274
1117476    19510
1097966    17950
1080016    19575
1060441    17594
1042847    18209
1024638    18690
1005948    17466
988482     18814
969668     19285
950383     19052
931331     19640
911691     18836
892855     20221
872634     18850
853784     20268
833516     18244
815272     18206
797066     19237
777829     17880
759949     19095
740854     19915
720939     19546
701393     20940
680453     20657
659796     21755
638041     20972
617069     21626
595443     18824
576619     19457
557162     20918
536244     20216
516028     20611
495417     21212
474205     21066
453139     23568
429571     24055
405516     24875
380641     23201
357440     24344
333096     21435
311661     21291
290370     20331
270039     19279
250760     21351
229409     19133
210276     18052
192224     17958
174266     15944
158322     15674
142648     13626
129022     14020
115002     12240
102762     7517
95245      7840
87405      6376
81029      8238
72791      7416
65375      6128
59247      5595
53652      5327
48325      4225
44100      3325
40775      3485
37290      3529
33761      3561
30200      3189
27011      2777
24234      2562
21672      2580
19092      2179
16913      1997
14916      1909
13007      2666
10341      1586
8755       967
7788       900
6888       852
6036       632
5404       579
4825       606
4219       527
3692       427
3265       421
2844       261
2583       242
2341       317
2024       317
1707       191
1516       169
1347       199
1148       168
980        133
847        94
753        67
686        44
642        44
598        63
535        75
460        70
390        85
305        58
247        65
182        56
126        36
90         21
69         12
57         14
43         8
35         20
15         8
7          7
